// Homunculus Experience Tables
1
10
18
28
40
85
123
168
220
278
400
481
613
731
875
1038
1213
1400
1575
1775
2268
2604
2786
3136
3506
4130
4796
5508
6264
9645
12392
14220
16159
18209
21649
24451
27401
30499
33748
47342
58160
64711
71573
78749
90144
99312
108870
118816
129154
174196
213220
238080
264150
291427
329640
363155
398116
434526
472381
610848
731828
806448
884232
965180
1073896
1170382
1270556
1374422
1481976
1850800
3389616
3666333
3953534
4251217
4559382
5129260
5488173
5859059
6241919
7374168
9570662
10458427
11380262
12336168
13326144
14994907
16130400
17304200
18516326
19766760
21085096
22473939
23935933
25473761
27090141
28787825
30569594
32438257
34396650
36447628
38594068
40838862
43184915
45635142
48192464
50859807
53640095
56536248
59551182
62687799
65948990
69337627
72856561
76508620
80296602
84223275
88291372
92503586
96862571
101370933
106031232
110845975
115817614
120948544
126241098
131697545
137320088
143110859
149071919
155205253
161512770
167996297
174657580
181498280
188519973
195724146
203112195
210685425
218445048
226392181
234527844
242852961
251368358
260074760
268972793
278062983
287345754
296821429
306490229
316352273
326407578
336656059
347097530
357731703
368558190
379576502
390786051
402186149
413776012
425554759
437521412
449674899
462014055
474537623
487244256
500132518
513200886
526447751
539871420
553470119
567241993
581185110
595297462
609576966
624021468
638628745
653396504
668322389
683403980
698638797
714024301
729557897
745236936
761058717
777020492
793119465
809352795
825717601
842210961
858829917
875571475
892432609
909410264
926501355
943702774
961011389
978424047
995937576
1013548788
1031254481
1049051440
1066936441
1084906252
1102957634
1121087346
1139292145
1157568786
1175914029
1194324635
1212797373
1231329018
1249916355
1268556179
1287245299
1305980536
1324758729
1343576732
1362431419
1381319683
1400238439
1419184625
1438155202
1457147157
1476157502
1495183278
1514221554
1533269429
1552324031
1571382520
1590442090
1609499966
1628553409
1647599713
1666636209
1685660263
1704669278
1723660695
1742631992
1761580687
1780504336
1799400534
1818266916
1837101157
1855900974
1874664122
1893388399
1912071644
1930711737
1949306600
1967854196
1986352530
2004799649
2023193642
0
